Model's state parameters; epoch:0. 
encoder_network.qz_x_network.0.weight 	 torch.Size([512, 3]) tensor([[-0.2341, -0.2581,  0.3433],
        [-0.1303,  0.4817, -0.1008],
        [ 0.0622,  0.0746,  0.0030],
        ...,
        [-0.3726, -0.0942,  0.4718],
        [-0.5145,  0.0644,  0.2810],
        [-0.0050, -0.4564, -0.0051]])
encoder_network.qz_x_network.0.bias 	 torch.Size([512]) tensor([ 1.6612e-01,  4.1342e-01,  1.7059e-01, -3.3155e-03,  4.4809e-01,
         2.2840e-01,  2.9406e-01, -5.0468e-01, -4.6725e-01, -4.3362e-01,
        -2.5057e-02, -1.7469e-01, -3.5983e-02,  2.5913e-01,  1.6912e-01,
         4.9010e-01,  1.3155e-01, -5.2651e-01,  3.0581e-01,  2.5540e-01,
         8.2295e-02,  1.4278e-01,  1.1092e-01, -5.0541e-01, -4.1026e-01,
         4.5196e-01,  6.0177e-03, -6.7523e-03,  8.9993e-02, -4.4474e-01,
         4.1647e-01,  5.3556e-01, -4.9834e-01,  5.1701e-01,  9.0732e-02,
         3.4428e-01, -4.0814e-01,  5.5448e-01, -5.2993e-01,  2.8478e-01,
         2.2247e-01,  3.5370e-01, -4.3016e-01,  8.3940e-02,  1.5839e-01,
         1.3318e-02,  5.3929e-01, -2.7260e-01,  4.2377e-01,  3.1024e-02,
        -4.1508e-01,  3.4968e-01, -1.5461e-01,  1.9718e-01,  1.8612e-01,
         4.1503e-01,  3.5864e-02,  4.8014e-01, -3.0749e-01, -4.0940e-01,
         4.6571e-01,  3.8870e-01,  4.1302e-01,  1.8447e-01, -3.9961e-01,
         4.3108e-01,  3.8654e-02, -4.9796e-01, -2.4162e-01,  2.8748e-01,
        -3.9089e-01, -3.1167e-01, -4.9687e-01,  3.6537e-02, -2.4238e-01,
        -4.0187e-02,  4.4782e-01, -4.7803e-01,  1.9530e-01,  5.0766e-02,
         4.8771e-01, -4.2601e-01,  5.3903e-01, -2.2015e-02, -4.7987e-01,
        -3.1693e-01,  3.0609e-01,  2.1775e-01, -1.1828e-01,  2.2818e-01,
        -4.2547e-01,  1.0490e-01, -1.2313e-01,  2.0003e-01,  4.5581e-01,
         2.8345e-02, -4.8038e-01,  6.4218e-02, -9.9858e-02,  2.9618e-01,
         1.3417e-01,  4.2417e-01,  1.2344e-01,  8.1611e-02, -5.7637e-01,
        -9.3119e-02, -4.2370e-01, -1.4514e-01,  4.3054e-01,  1.6567e-01,
         2.3901e-02,  5.3621e-01,  1.3644e-01, -5.4563e-01,  3.4068e-01,
         8.0884e-04, -6.5349e-02, -5.0961e-01, -2.2140e-01, -7.0728e-02,
        -4.1646e-01, -6.6619e-02, -5.5506e-01, -1.1950e-01, -5.5420e-01,
         4.7850e-01, -1.2014e-01, -3.1649e-01, -4.2589e-01, -7.9082e-02,
         1.9626e-02,  1.1387e-01, -3.6407e-01,  2.6553e-01,  3.6651e-01,
        -6.2754e-02,  2.0668e-01, -3.7933e-01,  1.9861e-01, -2.7563e-01,
        -3.3947e-01,  3.6734e-04,  4.0948e-01,  5.5582e-01,  3.1976e-02,
        -2.3699e-01,  4.9486e-01,  1.0793e-01, -3.7672e-02,  7.2163e-02,
         1.9773e-01,  2.4262e-01, -5.5975e-01,  3.0467e-01,  5.1455e-03,
        -1.7117e-01, -5.3683e-01,  5.0474e-01,  5.7312e-01, -1.4919e-01,
        -4.9076e-01,  2.3281e-01, -4.0952e-01,  5.2950e-01, -1.1117e-02,
         1.8068e-01,  5.3872e-02,  1.9166e-01,  4.6936e-02, -7.0362e-02,
        -5.0562e-01, -4.0188e-01, -3.6556e-01,  5.0189e-01, -2.7882e-01,
         3.4557e-01, -4.1060e-01, -5.6832e-01,  5.4328e-01,  1.6442e-01,
         1.1880e-01,  1.4510e-01,  1.0154e-01, -5.4180e-01,  2.6411e-01,
        -1.6235e-01, -1.7863e-01,  5.5682e-01, -2.8084e-02,  5.2765e-02,
        -1.0921e-01,  4.9797e-01,  4.7068e-01, -1.1550e-02, -2.1159e-01,
        -3.9211e-02, -4.7329e-01, -5.2027e-01,  2.8792e-01,  4.4977e-01,
        -9.8825e-02, -2.4521e-01, -4.8033e-01, -4.3710e-01, -1.3393e-01,
        -1.0618e-01,  5.0198e-02, -4.2205e-02, -4.4972e-01,  1.6784e-01,
         4.5093e-01, -1.3607e-01, -4.2550e-01,  1.5799e-01,  1.8538e-01,
        -1.3222e-01,  2.2946e-01, -1.5580e-01,  2.8178e-01,  4.9651e-01,
         4.4438e-02,  2.4465e-01, -4.1255e-01,  4.3076e-01,  3.6225e-01,
        -1.9141e-01,  3.2555e-01, -1.8186e-01,  3.3397e-01, -4.8175e-01,
        -4.0789e-01,  4.7539e-01,  4.8202e-01, -2.3282e-01, -8.6490e-02,
         2.6398e-01, -1.3078e-01,  1.0533e-01, -3.6968e-01, -7.6694e-02,
         1.7296e-01,  6.0822e-02, -1.8761e-02, -4.8752e-01, -2.8279e-01,
        -3.3415e-01,  4.1598e-01, -2.8216e-01,  1.6941e-01, -1.6983e-01,
         1.8580e-01,  4.9921e-01, -1.5629e-01, -2.0783e-01,  4.8404e-01,
        -3.6904e-01,  1.6223e-01,  4.1582e-01,  5.3737e-01, -2.9073e-01,
        -2.2754e-01,  1.5956e-01,  5.7476e-01, -5.3980e-01, -2.2529e-01,
         4.3088e-01,  7.8814e-02, -1.0018e-01,  4.7173e-01, -5.2643e-01,
        -2.8398e-01, -4.1149e-01,  1.0683e-01,  1.3007e-01, -3.2041e-01,
        -3.8402e-01, -5.1272e-01,  4.0301e-01,  7.2016e-02, -5.0441e-01,
         5.2352e-01,  2.3670e-01, -2.7117e-01,  6.3277e-02,  2.5415e-01,
        -4.7195e-01,  3.6192e-01,  5.1200e-01,  2.2105e-01,  4.6912e-01,
        -2.0933e-01, -7.2358e-02, -9.9527e-03, -4.1484e-01, -5.7406e-01,
        -3.4003e-01,  4.1098e-01, -3.4475e-02, -1.9566e-01, -5.1281e-01,
        -5.0489e-01, -2.1695e-01, -3.4960e-01, -5.7514e-01, -1.7206e-01,
        -1.9770e-02,  4.5448e-01, -4.8126e-01,  2.8928e-01, -5.5878e-01,
        -1.8111e-01, -1.4066e-01,  1.9163e-01,  3.1497e-01, -5.5638e-01,
         4.9962e-01,  1.0799e-02,  3.5859e-01, -4.5029e-01,  2.0036e-01,
         2.4854e-01, -2.3749e-01,  1.5738e-02,  5.1904e-01,  5.7520e-01,
         1.7148e-01, -5.3119e-01,  2.2739e-01, -5.3118e-01, -5.5304e-01,
         3.0617e-01, -3.8012e-01,  2.7413e-01, -5.5931e-01, -3.8809e-01,
         4.2262e-01,  3.7170e-01,  1.0265e-01,  2.4959e-01, -8.5582e-02,
         3.1005e-01, -1.8449e-01,  4.8333e-01, -5.1998e-01, -4.3467e-01,
        -3.0074e-02, -3.0673e-01,  3.0642e-01, -3.7790e-01,  1.3730e-01,
         3.0539e-01,  5.4964e-01,  1.1000e-01,  5.1524e-01, -6.3306e-02,
        -3.5682e-01, -3.3607e-01,  3.3687e-01, -2.0969e-01,  5.4460e-01,
         3.4532e-01, -5.4462e-02, -2.8756e-02, -3.3900e-01, -1.5303e-01,
        -2.3359e-01, -1.7047e-01,  4.3141e-01, -4.7202e-01, -4.1096e-03,
         8.1408e-02,  5.5084e-01,  6.6814e-02, -4.5444e-01,  4.7772e-01,
        -2.5615e-02, -5.7204e-01, -4.0752e-01, -5.0679e-01, -4.1834e-01,
         4.2650e-01, -2.4565e-01, -3.1391e-01,  3.9992e-01, -4.0593e-01,
         1.1882e-02, -2.7957e-01,  8.9165e-02, -1.0224e-02, -4.4859e-01,
        -2.2936e-01, -4.5004e-01, -5.1173e-01,  5.6433e-01, -2.4906e-01,
        -5.5965e-01, -3.2749e-01,  2.1305e-01, -4.8347e-01,  3.5103e-01,
        -1.8351e-01,  4.5538e-01, -3.2192e-01,  5.5097e-01,  7.4788e-02,
         3.9000e-01,  2.2222e-02, -3.7349e-01,  1.4798e-01, -2.8460e-01,
        -2.0138e-01, -2.2918e-01, -3.9510e-01,  2.4301e-01,  5.7332e-01,
        -1.2352e-01,  2.9286e-01,  3.2249e-01, -1.5202e-01, -9.1981e-02,
         1.5407e-01, -5.6602e-01, -4.5185e-01,  5.6255e-01,  5.6952e-01,
         5.3700e-01, -1.9503e-01,  5.1879e-01, -1.2449e-01, -1.8452e-01,
         8.6094e-02,  1.1569e-01,  4.8143e-01,  1.0452e-03, -1.5602e-01,
         5.1065e-01,  2.8309e-01,  1.2514e-01,  3.3222e-01, -5.5140e-01,
         4.4235e-01,  4.1532e-01,  5.2156e-01,  2.6198e-01,  3.2160e-01,
        -4.5358e-01,  2.6461e-01, -5.6158e-01, -2.4702e-02, -1.3905e-01,
         4.2500e-01, -4.4658e-01, -5.7530e-01, -3.0477e-01,  2.1586e-01,
         1.9326e-01,  4.7967e-01, -9.5493e-02, -5.3287e-01,  3.3926e-01,
         4.1889e-01, -3.5294e-01, -3.5290e-01,  6.7728e-02,  2.2670e-01,
        -7.1108e-02, -4.1074e-01, -1.5375e-01,  2.1226e-01, -1.4243e-01,
         1.7878e-01, -5.5132e-01, -2.4468e-01, -2.5776e-01,  4.0500e-01,
         4.9625e-01, -2.9083e-01, -1.7370e-01,  2.9352e-01, -1.6817e-01,
         1.0022e-02,  2.5833e-01, -6.3226e-02, -4.1800e-01, -4.0083e-01,
        -3.8953e-01,  5.5929e-01,  3.9161e-01, -4.5295e-01, -4.8036e-01,
        -2.7544e-02,  1.0581e-01, -5.1585e-01,  3.7048e-02,  3.7273e-01,
         1.1189e-01,  5.4520e-01, -5.3001e-01, -3.9358e-01, -2.1970e-01,
         4.6351e-01,  3.9423e-01, -2.7624e-01, -4.4213e-01,  2.7280e-01,
        -3.5549e-01, -3.0597e-01,  1.2906e-01,  1.5718e-01,  3.4011e-01,
         1.2825e-01,  1.6721e-01])
encoder_network.qz_x_network.2.weight 	 torch.Size([512, 512]) tensor([[ 0.0113,  0.0405, -0.0220,  ...,  0.0379, -0.0299,  0.0211],
        [ 0.0070, -0.0116,  0.0214,  ...,  0.0130, -0.0079,  0.0343],
        [ 0.0280, -0.0268, -0.0040,  ...,  0.0431,  0.0215, -0.0275],
        ...,
        [-0.0019,  0.0350, -0.0216,  ..., -0.0241, -0.0307, -0.0392],
        [ 0.0057,  0.0381, -0.0019,  ...,  0.0010, -0.0411, -0.0408],
        [ 0.0139,  0.0239, -0.0418,  ..., -0.0038,  0.0059,  0.0274]])
encoder_network.qz_x_network.2.bias 	 torch.Size([512]) tensor([ 2.8088e-02,  1.5615e-02,  3.5703e-02, -4.8719e-03,  1.7135e-02,
         3.2448e-02,  3.3521e-02,  2.0760e-02, -7.5868e-03,  2.2847e-02,
        -1.4076e-02,  2.8006e-02, -3.3605e-03, -1.1095e-03,  5.9842e-03,
         4.2389e-02, -2.6880e-02,  9.8314e-03,  3.9720e-02, -1.3457e-02,
        -3.2422e-02, -1.9440e-02,  2.9436e-03, -2.5400e-02, -8.2976e-03,
         1.6407e-02, -1.7883e-02, -2.5290e-03,  1.8473e-02,  2.4989e-02,
        -2.3072e-02,  9.7385e-03, -3.0051e-02, -3.4174e-02,  2.3179e-02,
        -4.7935e-03,  2.5778e-02, -1.5832e-02, -3.3493e-02,  3.9428e-02,
        -1.6071e-02, -2.3930e-02, -2.2619e-02, -2.2545e-02, -3.7512e-02,
         3.9047e-03, -2.3827e-02,  7.7442e-03,  1.4622e-02,  2.0890e-02,
         1.3316e-02, -7.9519e-04,  1.9525e-02,  2.5507e-02,  2.0471e-02,
        -2.9939e-02,  3.2639e-02, -3.5538e-02,  2.3869e-02, -1.1962e-02,
        -1.0719e-02,  2.8086e-02,  4.2465e-02,  2.3303e-02, -2.0032e-02,
        -9.8001e-05, -2.3778e-02,  2.2214e-02,  2.7987e-02, -5.4545e-04,
        -5.7662e-03,  2.6153e-02,  2.5812e-02, -2.0172e-02, -3.7165e-02,
         3.0878e-02, -3.4888e-02, -3.6949e-02, -1.2880e-02,  4.0209e-02,
         4.0939e-02, -1.3000e-02, -2.1102e-02,  6.2658e-03,  1.5053e-03,
         1.4801e-02,  1.8547e-02,  9.3354e-03,  3.6162e-02,  1.1942e-02,
         3.8324e-02,  1.7388e-02,  1.1900e-02, -3.7163e-02,  4.7947e-03,
        -3.8356e-02,  1.2950e-02, -4.2163e-02, -4.0520e-02, -1.8461e-02,
         2.6182e-02,  3.4922e-02,  4.7315e-03,  2.8469e-03, -1.4936e-02,
        -2.9882e-02,  3.0133e-02, -2.4037e-02, -4.1997e-02,  3.0645e-02,
         4.3941e-02, -1.0688e-02, -3.3443e-02, -1.7956e-02,  2.5690e-03,
         4.2549e-02,  3.3454e-03, -3.3799e-02,  2.5191e-02,  2.8376e-02,
        -9.2510e-03, -3.6149e-02, -1.1095e-02, -4.0928e-03, -1.8572e-02,
        -3.9763e-02, -5.1528e-03,  8.9109e-03, -1.8149e-02, -3.8867e-02,
        -4.1510e-02, -3.9993e-02,  3.0950e-02, -1.2154e-02, -2.9975e-02,
        -4.0184e-02, -1.5654e-02,  3.9815e-02, -2.5185e-04,  2.2442e-02,
        -4.4089e-02, -2.5943e-02, -3.8920e-02,  3.0876e-02,  3.6268e-02,
        -1.4619e-02, -5.2578e-03, -7.0477e-03,  2.9455e-03,  2.1107e-02,
        -1.5476e-04,  1.4320e-04,  1.2514e-02, -1.4271e-02,  2.8026e-02,
         1.5969e-03,  3.1910e-02,  1.0418e-02,  1.0781e-02, -1.5756e-02,
        -3.9599e-02, -2.4006e-02, -3.1801e-02, -4.4171e-03, -1.3732e-02,
        -1.7123e-03,  1.5294e-02,  7.6798e-03,  3.9043e-02, -1.0299e-02,
         2.6207e-03, -2.8410e-02,  2.6479e-02, -2.3746e-02, -4.3199e-02,
         1.4497e-02, -3.6250e-02,  9.8826e-03, -7.5490e-03, -1.8905e-02,
         9.3412e-03,  5.0020e-03,  2.4683e-02, -2.1426e-03, -2.4277e-02,
        -3.9970e-02, -7.2630e-03,  4.2657e-02, -8.6938e-03,  2.2187e-02,
         2.1083e-02, -8.3315e-03,  3.5821e-02, -1.9440e-02, -1.6502e-02,
         3.7290e-02,  1.3793e-02,  2.3301e-02,  2.9561e-02,  7.3581e-03,
        -1.3168e-02,  1.0190e-02,  5.2361e-03, -3.6261e-02, -1.5783e-02,
        -1.9275e-02,  7.7195e-04,  3.3349e-02, -3.7146e-02, -4.0482e-02,
        -2.3518e-02, -1.1123e-02,  3.6621e-02, -4.0770e-02, -3.1170e-02,
        -5.1554e-04,  3.5537e-02, -8.2923e-03, -2.4086e-02, -2.7727e-02,
         1.8579e-03, -2.3652e-02, -5.1524e-03,  3.1296e-02, -3.8031e-02,
        -3.7209e-02,  1.8901e-02,  3.5420e-02, -3.4926e-02,  1.3592e-02,
         3.4937e-02, -6.8752e-04,  3.0179e-02, -2.1848e-02,  3.3239e-02,
        -2.0647e-02, -1.7086e-02, -1.0467e-02,  3.4593e-02, -1.8401e-02,
        -6.1974e-04, -4.2389e-02, -2.0102e-02,  4.4125e-02, -2.0187e-02,
        -3.6177e-02,  1.3032e-02, -8.2875e-03, -2.8767e-02, -1.5635e-02,
         2.5708e-02,  2.7094e-02, -2.3913e-02, -2.9820e-02,  4.7808e-03,
         3.4033e-02,  3.5267e-02, -1.0407e-04, -3.8869e-03,  1.9410e-02,
        -4.4283e-02,  3.2375e-02,  7.8501e-03,  2.5693e-02,  3.2666e-02,
         3.7867e-02, -1.0505e-02, -1.7022e-02, -2.3394e-02,  2.8457e-02,
        -3.6946e-02,  2.6322e-02, -3.1017e-02, -4.0052e-02,  2.9517e-02,
        -1.1974e-02, -3.9420e-02, -1.6382e-02, -2.5280e-02, -3.4688e-02,
         3.5463e-03, -7.6654e-03, -1.5292e-02,  1.8379e-02,  3.0435e-02,
         3.4806e-02,  2.0911e-02, -2.8723e-02,  2.2694e-02,  1.3595e-02,
         2.8938e-03, -1.5257e-02, -1.1116e-02,  1.7855e-02,  2.8495e-02,
        -3.5073e-02,  2.9349e-02,  7.4868e-03, -1.9904e-02, -3.1194e-02,
         2.1143e-03, -1.8507e-03, -5.9045e-03, -2.3691e-02, -3.2752e-02,
         3.3180e-02,  3.3349e-02,  1.6273e-02,  1.6625e-02,  3.3285e-02,
         1.8773e-02,  1.3156e-02,  3.4583e-02, -2.0435e-02,  2.5185e-02,
        -1.4592e-03,  2.2633e-02, -2.1100e-02,  2.1785e-02, -4.6473e-03,
        -1.8458e-02,  2.7017e-02,  3.6100e-02,  9.8955e-04,  1.4864e-02,
        -2.4358e-02, -3.3889e-02,  4.1238e-02, -3.0150e-02,  3.1800e-02,
        -1.2756e-02, -4.5915e-03, -3.9661e-02,  3.3066e-02,  8.3522e-03,
        -3.9031e-03,  1.0141e-02, -2.3958e-02, -2.6702e-02,  2.8960e-02,
        -3.2256e-02, -1.2250e-03,  1.1454e-02, -1.7800e-02,  1.5772e-02,
         6.3462e-03,  3.7256e-02, -4.1816e-02,  1.8592e-02,  4.3608e-02,
        -3.1337e-02, -3.0110e-02,  3.0474e-02, -3.0604e-02,  2.7374e-02,
        -4.0653e-02,  4.2811e-02, -1.7776e-02,  3.8985e-02, -3.8267e-02,
        -1.9412e-02, -4.0476e-02, -4.3252e-02, -4.1477e-03,  1.2076e-02,
        -8.5912e-03, -3.6185e-02, -3.4985e-02, -2.0686e-02, -3.5756e-02,
         1.0166e-02, -1.6938e-02,  3.6852e-02,  1.9514e-02, -9.7427e-03,
         2.7198e-02, -2.3449e-02, -2.3259e-02, -2.0281e-02,  4.9171e-03,
         1.5439e-03, -3.1888e-02,  1.1577e-02, -2.7736e-02, -1.0397e-03,
        -4.1435e-02,  3.6901e-02, -3.6620e-02, -5.0326e-03, -3.4320e-02,
         3.4458e-02, -2.5743e-02,  6.9260e-03,  8.2957e-03, -2.4759e-02,
         1.3840e-02, -2.5535e-02,  2.6190e-02,  3.3909e-02,  2.5517e-02,
         3.4391e-02, -2.5960e-04, -3.5922e-02,  3.6036e-02,  3.1043e-02,
         2.7508e-02,  4.1900e-02, -3.9946e-02, -1.5469e-02,  7.7996e-03,
        -3.1477e-02, -1.1035e-02,  2.2017e-02, -1.0769e-03, -1.7184e-02,
        -1.2219e-02, -7.3798e-04,  3.2820e-02, -4.2138e-04, -9.6194e-03,
        -1.3470e-02, -3.6479e-02,  3.9148e-02, -4.0385e-02, -7.2926e-03,
         1.0182e-02, -3.5721e-02,  4.0942e-02, -2.5862e-02,  2.4167e-02,
         2.9401e-03,  6.3704e-03, -3.8569e-02, -1.8547e-02,  3.8950e-02,
        -2.6587e-02, -4.4081e-02, -3.4313e-02,  2.1648e-02,  3.3012e-02,
        -2.8236e-02,  3.6830e-02,  1.0424e-02, -1.4351e-03,  3.4598e-02,
        -3.4205e-02,  2.2895e-02,  4.2866e-02,  2.5305e-03, -3.6034e-02,
         1.5043e-02,  1.2803e-02,  2.6081e-02,  1.7403e-04,  3.1591e-02,
         3.7945e-03, -3.5822e-03,  6.4371e-03,  3.4587e-02, -3.6368e-02,
         4.2921e-02,  2.6659e-02, -2.9210e-02, -7.1746e-03,  3.7573e-02,
         1.1643e-02, -4.1571e-02, -6.0428e-03,  1.8119e-02,  4.1904e-02,
         9.2284e-04,  1.8932e-02, -6.9678e-03,  1.4188e-02, -7.7238e-03,
         3.8488e-02, -4.2288e-02,  8.4633e-03,  3.8511e-02, -1.7271e-02,
         8.0778e-03, -2.0466e-02,  1.4414e-02,  1.4082e-02,  1.5919e-02,
        -1.9290e-02,  1.5474e-02, -3.8043e-02, -7.0092e-03, -1.2888e-03,
        -4.2660e-02, -1.3645e-02,  4.3882e-03,  7.7942e-03,  9.9160e-03,
         4.2927e-02, -2.8553e-03,  2.0981e-02, -3.2973e-02,  3.5592e-02,
         7.8345e-03,  4.0270e-02, -3.9744e-02, -4.1397e-02,  7.8034e-03,
        -4.2421e-02,  3.4848e-02,  4.0709e-03, -6.3907e-03,  3.5097e-03,
        -1.9613e-02,  4.3886e-02])
encoder_network.qz_x_network.4.mu.weight 	 torch.Size([2, 512]) tensor([[ 0.0027, -0.0396,  0.0401,  ...,  0.0076,  0.0033, -0.0089],
        [ 0.0198,  0.0058, -0.0155,  ...,  0.0342, -0.0146,  0.0430]])
encoder_network.qz_x_network.4.mu.bias 	 torch.Size([2]) tensor([0.0174, 0.0318])
encoder_network.qz_x_network.4.log_std.weight 	 torch.Size([2, 512]) tensor([[ 0.0228, -0.0403, -0.0431,  ..., -0.0425,  0.0264, -0.0001],
        [-0.0197, -0.0036,  0.0394,  ...,  0.0161, -0.0121, -0.0303]])
encoder_network.qz_x_network.4.log_std.bias 	 torch.Size([2]) tensor([0.0063, 0.0399])
decoder_network.px_z_network.0.weight 	 torch.Size([512, 2]) tensor([[ 0.0399, -0.1304],
        [-0.0784,  0.6693],
        [ 0.6226,  0.0412],
        ...,
        [-0.0520, -0.4873],
        [-0.6814, -0.6462],
        [ 0.0267, -0.0301]])
decoder_network.px_z_network.0.bias 	 torch.Size([512]) tensor([ 0.5074,  0.2361, -0.2180,  0.1834, -0.0832, -0.0687, -0.5450,  0.2961,
        -0.6142, -0.4762, -0.1951,  0.1350, -0.0581,  0.2663, -0.1840, -0.1637,
         0.0292, -0.6369, -0.0662,  0.1286,  0.5994,  0.4806, -0.0820,  0.1236,
        -0.2695,  0.4516,  0.3481,  0.5727,  0.1660, -0.1451, -0.3551, -0.4606,
         0.1468,  0.4799,  0.0319, -0.5796,  0.3936,  0.5081, -0.2925, -0.0302,
        -0.3696,  0.0796, -0.0642, -0.6888,  0.1162,  0.6631,  0.4924,  0.2834,
        -0.0379,  0.4328, -0.6409,  0.1846,  0.5603, -0.5571, -0.3043, -0.6170,
        -0.4166, -0.7039, -0.2251, -0.0526, -0.3684,  0.2347, -0.0843,  0.3498,
        -0.0174, -0.6905,  0.6243, -0.6109,  0.0755, -0.5020, -0.4887, -0.1484,
        -0.4115, -0.1661,  0.5835, -0.4971,  0.4696, -0.1536,  0.6904, -0.4163,
         0.6595, -0.4966,  0.2536,  0.3181, -0.6845,  0.4283,  0.5717, -0.2899,
        -0.6993,  0.5864, -0.6333,  0.3237,  0.0633,  0.3908, -0.3276, -0.6454,
         0.4794,  0.3665, -0.0943,  0.2972,  0.5417,  0.0880, -0.3351, -0.2351,
         0.1522, -0.2425, -0.0452,  0.0104,  0.1226,  0.3030,  0.1425,  0.3399,
         0.1589,  0.0344, -0.0677, -0.1212,  0.2530,  0.6321,  0.3089, -0.1648,
        -0.1260,  0.4935,  0.1318, -0.5815,  0.2091,  0.6477,  0.7038,  0.3475,
        -0.2347,  0.1886, -0.4020,  0.6606, -0.5553, -0.5417, -0.5251,  0.5075,
         0.2386,  0.4266,  0.3484,  0.6642, -0.5775, -0.0695,  0.3008,  0.5837,
         0.2882,  0.2195, -0.5988, -0.3661, -0.3103,  0.4104, -0.0303, -0.6642,
         0.2199,  0.1390,  0.5388,  0.2763, -0.4482, -0.6872,  0.3065,  0.3593,
        -0.1330, -0.6463,  0.0256, -0.2370, -0.3317,  0.2165,  0.3734, -0.0488,
        -0.5346,  0.5057, -0.0835, -0.2201, -0.4043, -0.5596,  0.3375,  0.4331,
        -0.1219,  0.1098, -0.2387, -0.6115, -0.5408,  0.3711,  0.0700, -0.0651,
        -0.1294,  0.4595,  0.5230,  0.5459, -0.5002, -0.3403, -0.4132, -0.3602,
         0.1028,  0.1897,  0.4572,  0.3210, -0.1049, -0.0932,  0.6228, -0.3064,
        -0.3853,  0.1752,  0.4017,  0.3758,  0.6751,  0.0487, -0.4361, -0.0459,
        -0.2382, -0.1709, -0.4892, -0.2191,  0.2569, -0.5375,  0.4804,  0.3902,
        -0.2868,  0.4721, -0.3912, -0.4443, -0.0048,  0.3294, -0.3598, -0.3183,
         0.6853,  0.3937, -0.6899, -0.3388,  0.6675,  0.5203,  0.1229,  0.2504,
        -0.1453,  0.4383,  0.6893,  0.4161,  0.1381, -0.4988,  0.4826, -0.4620,
         0.5138, -0.2740, -0.4145,  0.1002,  0.6730, -0.2239, -0.3237,  0.6401,
        -0.4678, -0.7021, -0.5194, -0.1510, -0.5159,  0.3645, -0.3120, -0.1576,
         0.2430, -0.2239, -0.1568, -0.2482,  0.0978,  0.6811, -0.0395,  0.4498,
         0.1306, -0.3200, -0.6548, -0.1665,  0.0187,  0.4081,  0.6249, -0.4990,
        -0.5503,  0.2441,  0.5103, -0.2052,  0.4073, -0.3266, -0.5802,  0.5592,
        -0.3702,  0.5978, -0.5901, -0.0615, -0.4023,  0.0848,  0.6869, -0.6634,
         0.5305, -0.5470,  0.1829,  0.5599, -0.0358, -0.5563, -0.6208,  0.6007,
        -0.5678, -0.2837, -0.2512,  0.1371, -0.2128, -0.4210,  0.6525,  0.4702,
         0.2817,  0.3841,  0.1811, -0.5399,  0.4510, -0.5584, -0.5020, -0.1914,
         0.4132, -0.6322,  0.0994, -0.1530, -0.3354,  0.2730,  0.0169, -0.3447,
        -0.4736, -0.1570, -0.2657,  0.2479,  0.0434,  0.0650,  0.1927,  0.3849,
        -0.7002,  0.2950,  0.6019, -0.5481,  0.4742,  0.5739,  0.0530, -0.0927,
         0.3049,  0.0528,  0.5939, -0.1601, -0.4016,  0.0472,  0.2787, -0.4862,
         0.0196,  0.4748, -0.3571, -0.6026,  0.6463,  0.0128, -0.1572, -0.5122,
        -0.0373, -0.1440, -0.5077,  0.2485, -0.6152, -0.1328, -0.4652,  0.3867,
        -0.3663,  0.3223, -0.3228,  0.3299, -0.4950,  0.4477, -0.0787, -0.6806,
        -0.0658, -0.6730,  0.4002,  0.4541, -0.6929, -0.2619,  0.1869,  0.4855,
        -0.2737, -0.2322, -0.4849,  0.0703, -0.6303,  0.5131, -0.2637, -0.3793,
         0.3750,  0.1364, -0.3151,  0.1792, -0.6161,  0.3353,  0.5082,  0.3378,
        -0.3234, -0.2330,  0.2904, -0.3642, -0.3047, -0.0617,  0.3066, -0.2847,
        -0.1628, -0.6094, -0.5180, -0.6385,  0.3746, -0.1510, -0.3296,  0.4078,
         0.1825, -0.6985, -0.6351, -0.1693, -0.4260, -0.5691,  0.3691,  0.3646,
         0.2555,  0.2138,  0.6646,  0.0496,  0.3306,  0.5756, -0.6533, -0.3142,
        -0.1096,  0.3074, -0.3347,  0.6965, -0.0306,  0.2715, -0.4002, -0.1683,
         0.4611,  0.1321,  0.5498,  0.4740,  0.2197, -0.0264, -0.0325,  0.3787,
        -0.0565,  0.1376, -0.3724, -0.0674, -0.0522,  0.3855, -0.5140,  0.2113,
         0.6546, -0.4947,  0.3788, -0.1494,  0.1322, -0.0574, -0.0314, -0.3809,
         0.3324, -0.4903,  0.0727,  0.3731, -0.5983,  0.5939,  0.4397,  0.1846,
         0.3336, -0.6356, -0.0764,  0.0437,  0.4133,  0.6628, -0.2477, -0.6221,
         0.0062, -0.0624, -0.6245,  0.6772,  0.3108,  0.0247, -0.0826, -0.5147,
        -0.1503, -0.1739,  0.5604, -0.2123, -0.5108, -0.0785, -0.3891, -0.4385,
         0.4200, -0.1446, -0.4693, -0.3676,  0.6916,  0.1825, -0.3391,  0.0411,
         0.0731, -0.2166, -0.0644,  0.0958, -0.0298, -0.4521, -0.2168, -0.4634,
        -0.1412, -0.1010, -0.1897, -0.2434,  0.4674, -0.3140, -0.6698, -0.6011])
decoder_network.px_z_network.2.weight 	 torch.Size([512, 512]) tensor([[ 0.0010,  0.0142, -0.0195,  ...,  0.0046, -0.0076, -0.0428],
        [-0.0080, -0.0408, -0.0363,  ...,  0.0234,  0.0347,  0.0003],
        [-0.0403,  0.0026, -0.0134,  ...,  0.0092, -0.0181, -0.0035],
        ...,
        [ 0.0328, -0.0300,  0.0363,  ...,  0.0061, -0.0194,  0.0153],
        [-0.0318,  0.0101,  0.0304,  ..., -0.0402, -0.0032,  0.0436],
        [-0.0384, -0.0168,  0.0147,  ..., -0.0140,  0.0352, -0.0016]])
decoder_network.px_z_network.2.bias 	 torch.Size([512]) tensor([ 3.1068e-03,  1.6536e-02,  8.7094e-03,  7.1450e-03,  3.1239e-02,
        -2.3137e-02, -1.8850e-02, -1.2378e-02,  1.8227e-02, -3.7928e-02,
        -1.5150e-02,  2.0796e-02, -1.3308e-02, -1.1976e-02, -2.7551e-02,
        -3.8388e-02, -3.9924e-02,  2.4102e-02,  4.3205e-04, -1.6681e-02,
        -2.1788e-03,  3.1200e-02,  2.4739e-02,  3.1741e-02,  6.4961e-03,
        -1.6953e-02, -2.1397e-02,  4.4171e-02,  3.6824e-02, -3.6036e-02,
        -2.5562e-02,  1.4046e-02,  3.9513e-02, -1.7872e-02,  2.6125e-02,
         5.1981e-04, -3.8837e-03, -5.7901e-03, -3.7286e-02,  1.6262e-02,
         2.7617e-02, -7.4431e-03, -4.0526e-02,  3.4135e-02,  4.0424e-02,
         3.2573e-02, -3.8713e-02, -2.0441e-02, -4.1877e-02, -9.9706e-03,
        -3.4191e-02, -3.8340e-02, -2.1068e-02,  1.5513e-02,  3.4429e-02,
         2.9140e-02, -7.5975e-03, -9.8928e-03,  4.5609e-03,  2.6156e-02,
         4.5702e-04,  2.3996e-02, -3.4716e-02, -1.6597e-02,  7.0860e-03,
        -2.5391e-03, -2.1867e-02, -4.2414e-02, -2.7369e-02, -1.0214e-02,
         1.3233e-02,  8.1513e-03, -1.9431e-02, -9.7048e-03,  1.9026e-02,
        -1.5213e-02,  3.9299e-02, -3.4604e-03,  1.2929e-02,  1.3945e-02,
         3.7128e-02, -6.4926e-03, -1.0054e-02, -1.1523e-02, -1.6100e-02,
        -1.7080e-02,  2.6371e-02, -4.0201e-02,  4.0689e-02, -2.7846e-02,
        -1.7066e-02,  2.0733e-02,  1.2819e-02, -3.8236e-02, -3.1038e-02,
        -2.0919e-02, -8.8327e-03,  2.7102e-02, -2.4750e-02,  3.0351e-02,
        -3.2133e-02, -1.1940e-02,  1.8884e-02, -1.4007e-02, -7.9366e-03,
         1.4295e-02,  3.0142e-03,  2.6263e-02, -2.7133e-02, -2.6246e-02,
         1.1570e-02, -4.1075e-02,  1.6634e-02,  4.3778e-03,  2.6325e-02,
        -4.1395e-02, -3.2104e-03,  2.3882e-02,  1.5812e-02,  1.2728e-02,
         3.0394e-02, -3.1545e-02,  4.2976e-03,  9.7537e-03,  2.6701e-02,
         2.4886e-02,  9.8279e-03, -3.6193e-02, -2.3936e-02, -2.0813e-02,
        -1.3769e-02,  4.4559e-03, -2.8141e-02, -4.1640e-02, -2.2192e-02,
         2.1123e-02,  3.0272e-02,  2.2286e-02,  2.5042e-02,  2.4309e-02,
         2.3321e-02,  3.4650e-02, -3.1156e-02,  4.4482e-02, -1.1413e-02,
         3.1431e-02, -3.1719e-02, -3.4902e-02,  5.0613e-03,  3.8043e-02,
        -4.3077e-02,  1.7132e-02,  4.2700e-02, -2.3659e-02,  3.8822e-03,
         3.8098e-02,  1.3061e-02,  2.9091e-02,  1.6775e-02, -3.6056e-02,
         5.5028e-03, -2.6698e-02, -2.8422e-02,  3.0454e-02, -2.4495e-02,
        -6.4681e-03,  4.3854e-02, -1.1322e-02, -1.1194e-02, -1.3228e-02,
         4.0181e-02,  2.9402e-02,  1.1267e-02,  1.0873e-02,  1.0336e-02,
         4.2347e-02, -2.8750e-02, -1.4146e-02, -5.3934e-03,  1.4506e-02,
         1.7031e-02,  1.8327e-02, -2.4368e-02,  4.4336e-02, -6.6989e-03,
         2.0795e-02,  1.0170e-03,  9.7549e-03, -3.3788e-02, -1.2178e-02,
        -3.7486e-02, -6.8857e-04,  3.4497e-02,  1.0831e-02,  2.5328e-02,
         2.9103e-02, -2.3794e-02,  2.9275e-02, -1.0733e-02, -2.6063e-02,
        -1.4655e-02,  4.3412e-02,  2.5813e-03,  1.0005e-02,  1.4383e-02,
         4.6265e-03,  4.2850e-02, -3.4895e-02,  1.6060e-02,  3.4930e-02,
        -3.8523e-02,  1.0063e-02, -4.1021e-02,  2.0832e-02, -2.1670e-03,
         1.9073e-02,  3.1847e-02, -1.0564e-03,  4.2931e-02, -2.0132e-02,
        -3.4542e-02,  4.0459e-02,  3.0502e-02,  1.4959e-03,  1.1477e-02,
        -7.0942e-04,  1.3245e-03, -9.5762e-06,  2.9783e-02, -9.8304e-04,
        -4.2899e-02,  1.3759e-02,  3.2980e-02, -3.6638e-02, -2.2085e-02,
        -2.1575e-02, -3.9886e-02,  2.9224e-02,  1.5330e-02,  2.6813e-02,
        -1.5499e-02,  2.0649e-02,  3.5695e-02, -4.1024e-03,  1.5594e-02,
         3.6396e-02, -4.1521e-02, -2.1392e-02,  3.9560e-02,  1.9536e-03,
         1.5358e-02, -6.0048e-03, -3.4515e-02, -3.9815e-02, -8.4192e-03,
         1.3298e-02, -4.3939e-02,  2.5795e-02,  5.7941e-03, -3.4931e-02,
        -5.7972e-03, -2.0215e-02,  2.6028e-02, -3.3324e-02,  1.6901e-02,
         3.5650e-02, -3.6965e-02, -9.7922e-03, -4.2490e-02, -1.6067e-02,
         2.1331e-02,  3.6002e-02, -3.9526e-02, -2.1275e-02,  8.2496e-03,
        -2.0391e-02, -3.0633e-02,  4.0523e-02, -1.5222e-02, -1.6788e-02,
        -3.6221e-02, -5.6127e-03, -4.3033e-02,  4.5968e-03, -8.9214e-03,
        -2.9821e-02, -9.8127e-03,  3.2329e-02,  3.6638e-02, -2.4355e-02,
        -1.7013e-02, -2.1597e-02,  7.5099e-03,  3.7085e-02,  3.5813e-02,
         1.2629e-03,  1.6765e-02,  1.2175e-02, -3.6254e-02, -3.4422e-02,
         1.1158e-02,  3.3319e-02,  2.6944e-02,  1.4554e-02, -4.0867e-02,
        -2.0449e-02,  3.8165e-02,  1.2011e-02, -4.0499e-02, -1.6251e-02,
         3.7862e-02,  1.2226e-02,  1.7437e-02,  1.2296e-02, -4.4459e-02,
        -1.4532e-03, -1.7409e-02, -2.9391e-02,  2.6649e-04,  1.2162e-02,
        -2.8456e-02,  2.3157e-02, -2.6089e-03,  4.3858e-02,  3.6697e-02,
        -4.2203e-02,  4.0473e-02,  2.8453e-02, -3.8164e-02, -2.8619e-02,
         1.7603e-02,  3.2257e-03, -3.7662e-02,  3.2454e-02,  1.1411e-02,
        -3.1674e-02,  1.9275e-02,  3.1726e-02,  1.8546e-02, -1.3704e-02,
        -2.3556e-02, -2.0427e-02,  1.7436e-02, -3.2268e-03,  2.0477e-02,
         5.2766e-04,  2.4472e-02, -3.4148e-02,  1.3262e-02, -4.4191e-02,
         1.0547e-02,  2.3876e-02,  1.3899e-02, -3.1768e-02, -4.4072e-02,
         4.1328e-02,  1.8494e-02,  3.3453e-02, -3.7191e-02, -3.8935e-02,
         3.4460e-02, -3.9275e-02, -2.0320e-02, -6.0044e-03,  4.4738e-02,
         3.6657e-02,  1.1350e-02, -2.6479e-02,  4.4137e-03, -2.8361e-02,
         3.5791e-02, -2.3867e-02,  1.9900e-02, -3.2790e-02,  1.8903e-02,
         2.6346e-02, -1.0715e-02,  3.0252e-03,  3.7931e-02, -3.5709e-02,
         4.2498e-02, -2.1691e-02, -3.6691e-02,  3.0811e-02,  8.0712e-03,
         3.6932e-02,  3.3134e-02, -1.4002e-02,  1.5780e-02, -2.5333e-02,
         1.1261e-02,  1.6742e-02,  1.6823e-02,  4.4075e-02, -2.3856e-03,
        -2.4352e-02, -1.5802e-02,  3.0642e-02,  4.6045e-03, -1.6874e-02,
        -1.4031e-02, -3.6334e-02, -4.3941e-03, -2.8034e-02, -1.9757e-02,
        -1.6704e-02,  3.4773e-02, -1.2621e-03, -3.2108e-02,  2.1479e-02,
        -3.8593e-02,  1.9641e-02, -1.6482e-02,  2.9117e-02,  2.4395e-03,
        -2.3072e-02, -1.1081e-02,  1.9198e-03, -4.0975e-02,  1.3449e-02,
        -1.7704e-02, -2.5276e-02, -3.9576e-02, -1.2830e-02,  2.6342e-02,
         2.6635e-02,  2.5204e-02, -2.7819e-02,  1.3263e-02, -1.4752e-02,
        -9.4632e-04, -3.8401e-02, -4.3171e-02, -1.0465e-02, -2.8253e-02,
         2.2186e-02,  2.0250e-02,  3.4113e-02,  4.4879e-03, -3.4597e-02,
        -2.8226e-02, -2.2130e-02,  3.2472e-02,  2.2268e-02, -3.4725e-02,
         1.9059e-02, -3.5797e-02, -3.0405e-02, -1.6530e-02, -1.6296e-02,
         1.3982e-02,  2.5483e-03,  3.7271e-02,  3.5042e-02, -3.6584e-02,
         1.4579e-03, -3.3657e-02,  3.2747e-02,  1.6968e-03,  4.2675e-02,
        -2.5440e-02,  3.0885e-02, -3.7144e-02,  2.4699e-02,  3.6368e-02,
         3.6135e-02, -1.4498e-02, -2.8773e-02, -5.9788e-03, -1.7522e-02,
         1.6850e-03, -2.1414e-02,  2.2321e-02, -7.8545e-03,  2.2560e-02,
         2.1284e-02, -2.4154e-03, -2.4904e-02,  4.0511e-02,  2.3858e-02,
        -2.9359e-02,  3.3902e-02,  3.5752e-02,  3.1364e-02, -5.2636e-03,
        -4.3445e-02, -2.2860e-02, -1.1833e-02, -4.4609e-03,  1.5854e-02,
         2.5379e-02, -3.0466e-02,  2.5893e-02,  3.3467e-02, -7.0271e-03,
        -2.3577e-02,  1.9286e-02,  8.3017e-03, -2.6251e-02, -1.6888e-02,
        -1.8863e-02,  1.8097e-02,  2.6264e-02,  2.9347e-02,  3.4203e-02,
         1.7773e-02, -3.8539e-02, -4.7529e-03, -3.9756e-02, -2.6146e-02,
         2.2289e-02, -3.5309e-02])
decoder_network.px_z_network.3.independence_layer.weight 	 torch.Size([3, 512]) tensor([[ 0.0247, -0.0378, -0.0382,  ..., -0.0367,  0.0242,  0.0277],
        [ 0.0338, -0.0132, -0.0214,  ..., -0.0126,  0.0097, -0.0247],
        [-0.0283, -0.0324, -0.0408,  ..., -0.0196, -0.0170, -0.0294]])
decoder_network.px_z_network.3.independence_layer.bias 	 torch.Size([3]) tensor([ 0.0247, -0.0064, -0.0046])
